   1.0000000e+00   1.1603361e+02   3.7382626e+00  -4.3264194e+00
   1.0000000e+00   2.5124648e+02   3.0374914e+00  -3.9237631e+00
   0.0000000e+00   4.7235108e+02  -3.7530152e+00   3.2405017e+00
   0.0000000e+00   5.1157645e+02  -3.7495290e+00   4.1958014e+00
   1.0000000e+00   8.4700115e+02   3.9239794e+00  -3.9692646e+00
   0.0000000e+00   9.3975556e+02  -3.7824104e+00   4.6123983e+00
   0.0000000e+00   9.4970883e+02  -3.7235513e+00   3.8762841e+00
   1.0000000e+00   1.0950917e+03   4.2481042e+00  -3.9663614e+00
   0.0000000e+00   1.1182457e+03  -3.8573921e+00   3.8346714e+00
   0.0000000e+00   1.1767286e+03  -3.8319243e+00   4.3286199e+00
   0.0000000e+00   1.4003913e+03  -3.8125437e+00   3.9930124e+00
   1.0000000e+00   1.5108762e+03   4.1833059e+00  -3.9922500e+00
   0.0000000e+00   1.6154282e+03  -4.0383990e+00   3.7850288e+00
   1.0000000e+00   1.7697690e+03   4.2638368e+00  -3.4808203e+00
   1.0000000e+00   1.8091789e+03   3.9502042e+00  -3.8729266e+00
   0.0000000e+00   1.8241441e+03  -3.3477274e+00   3.7806951e+00
   1.0000000e+00   1.8317418e+03   4.2314108e+00  -3.8829682e+00
   0.0000000e+00   1.9421979e+03  -3.7266209e+00   3.8230421e+00
   1.0000000e+00   1.9587351e+03   3.7707040e+00  -3.8587224e+00
   1.0000000e+00   2.2230833e+03   4.3123257e+00  -3.6350615e+00
   1.0000000e+00   2.3547494e+03   3.9298497e+00  -4.1693926e+00
   1.0000000e+00   2.3681735e+03   3.6382202e+00  -3.7224950e+00
   1.0000000e+00   2.5853115e+03   3.8942954e+00  -4.0677437e+00
   1.0000000e+00   2.6129396e+03   3.5467037e+00  -4.1866167e+00
   1.0000000e+00   2.6835511e+03   3.5550006e+00  -3.7229162e+00
   1.0000000e+00   2.6975164e+03   3.4226346e+00  -3.8088452e+00
   1.0000000e+00   2.7171084e+03   3.6465935e+00  -3.6349566e+00
   1.0000000e+00   2.7255648e+03   3.6661958e+00  -3.2977751e+00
   0.0000000e+00   3.0432153e+03  -3.6557764e+00   3.4852243e+00
   0.0000000e+00   3.0460079e+03  -3.3764318e+00   3.2403949e+00
   1.0000000e+00   3.0876619e+03   3.6783951e+00  -3.7735402e+00
   1.0000000e+00   3.1248122e+03   3.5096398e+00  -3.6889398e+00
   1.0000000e+00   3.1346553e+03   3.8485872e+00  -3.5766659e+00
   1.0000000e+00   3.1946786e+03   3.1093144e+00  -4.0523937e+00
   1.0000000e+00   3.2119846e+03   3.7404021e+00  -3.3457753e+00
   0.0000000e+00   3.4982633e+03  -3.9448487e+00   3.6314096e+00
   0.0000000e+00   3.7168370e+03  -3.2025679e+00   3.7480285e+00
   0.0000000e+00   3.7416832e+03  -3.6953759e+00   3.4714674e+00
   0.0000000e+00   3.7772168e+03  -3.0202399e+00   3.8762621e+00
   0.0000000e+00   3.7826457e+03  -3.5558997e+00   2.9340622e+00
   0.0000000e+00   3.8635381e+03  -4.2567847e+00   3.1083332e+00
   0.0000000e+00   3.9196013e+03  -3.0197299e+00   4.0646017e+00
   0.0000000e+00   3.9248191e+03  -2.9023906e+00   3.6300065e+00
   0.0000000e+00   4.1335107e+03  -3.6863192e+00   3.4234801e+00
   0.0000000e+00   4.1794742e+03  -3.5702041e+00   3.3934354e+00
   0.0000000e+00   4.3712826e+03  -3.5942623e+00   4.0606375e+00
   1.0000000e+00   4.5006030e+03   3.3575946e+00  -3.3066988e+00
   1.0000000e+00   4.5529264e+03   3.3059673e+00  -2.9043612e+00
   0.0000000e+00   4.5746573e+03  -3.3353950e+00   3.3394343e+00
   0.0000000e+00   4.5879770e+03  -3.5570297e+00   3.1060685e+00
   1.0000000e+00   4.6265746e+03   3.6066218e+00  -3.4005964e+00
   0.0000000e+00   4.8132735e+03  -3.3417866e+00   3.1925295e+00
   0.0000000e+00   4.9082833e+03  -3.3238575e+00   3.8160347e+00
   0.0000000e+00   5.0889352e+03  -3.4024843e+00   3.4853069e+00
   1.0000000e+00   5.0938618e+03   2.7239680e+00  -3.9500470e+00
   0.0000000e+00   5.1406045e+03  -2.9902090e+00   3.5631203e+00
   1.0000000e+00   5.2060448e+03   3.2802026e+00  -3.5718804e+00
   1.0000000e+00   5.2139503e+03   3.4566739e+00  -3.8175892e+00
   1.0000000e+00   5.2601132e+03   3.1369840e+00  -2.6285596e+00
   0.0000000e+00   5.3920804e+03  -2.8633856e+00   3.1060112e+00
   1.0000000e+00   5.6322614e+03   3.3047635e+00  -3.3050166e+00
   0.0000000e+00   5.6492101e+03  -3.7756136e+00   3.3901499e+00
   1.0000000e+00   5.6650746e+03   3.5845982e+00  -2.7930667e+00
   1.0000000e+00   5.6899893e+03   3.6340146e+00  -3.1660157e+00
   0.0000000e+00   5.7064576e+03  -3.6663489e+00   2.6980485e+00
   1.0000000e+00   5.8435776e+03   3.3471889e+00  -3.1131091e+00
   0.0000000e+00   5.8485198e+03  -3.3477270e+00   3.6240580e+00
   0.0000000e+00   6.1601921e+03  -2.9028707e+00   2.7688128e+00
   0.0000000e+00   6.1925278e+03  -3.4877060e+00   3.1148696e+00
   0.0000000e+00   6.3686874e+03  -3.1641284e+00   2.6279977e+00
   1.0000000e+00   6.5419582e+03   3.1116693e+00  -2.7013464e+00
   1.0000000e+00   6.5462548e+03   3.4427686e+00  -2.8969805e+00
   0.0000000e+00   6.5706801e+03  -3.3211749e+00   2.9972121e+00
   0.0000000e+00   6.6643214e+03  -2.8072214e+00   2.9886385e+00
   0.0000000e+00   6.7803863e+03  -2.9627650e+00   2.9388779e+00
   0.0000000e+00   6.8592919e+03  -3.6068876e+00   3.0234702e+00
   0.0000000e+00   6.9721860e+03  -2.7538603e+00   2.4537397e+00
   0.0000000e+00   7.1133714e+03  -2.7664757e+00   3.3767448e+00
   0.0000000e+00   7.3589761e+03  -2.9087242e+00   2.8765590e+00
   0.0000000e+00   7.4164335e+03  -3.6271021e+00   3.2905204e+00
   0.0000000e+00   7.4989210e+03  -2.7552440e+00   2.6555671e+00
   0.0000000e+00   7.6793756e+03  -2.9027255e+00   2.8147882e+00
   0.0000000e+00   7.6896267e+03  -3.1855263e+00   2.6231088e+00
   0.0000000e+00   7.7596303e+03  -2.4824873e+00   3.2964458e+00
   0.0000000e+00   7.9812429e+03  -2.7973298e+00   3.1468741e+00
   0.0000000e+00   8.0327648e+03  -3.3281445e+00   2.6953261e+00
   0.0000000e+00   8.0360514e+03  -2.9436902e+00   2.8610524e+00
   0.0000000e+00   8.1703075e+03  -2.3708464e+00   2.4837296e+00
   1.0000000e+00   8.1896668e+03   3.3305035e+00  -3.3598573e+00
   1.0000000e+00   8.2135055e+03   2.7457199e+00  -2.9101420e+00
   0.0000000e+00   8.2253136e+03  -3.5399272e+00   3.2080328e+00
   1.0000000e+00   8.5067853e+03   2.5796053e+00  -3.0536809e+00
   0.0000000e+00   8.5382333e+03  -2.8874142e+00   3.3941069e+00
   1.0000000e+00   8.5822494e+03   2.9310365e+00  -2.5361900e+00
   1.0000000e+00   8.6801273e+03   2.8246647e+00  -2.6914764e+00
   0.0000000e+00   8.7189746e+03  -3.0199865e+00   2.6728195e+00
   0.0000000e+00   8.7366980e+03  -2.7700072e+00   2.9868928e+00
   0.0000000e+00   8.7760236e+03  -2.4652174e+00   2.5786283e+00
   1.0000000e+00   8.8781321e+03   3.1581809e+00  -3.1280150e+00
   1.0000000e+00   9.6369587e+03   2.6398263e+00  -2.9008209e+00
   1.0000000e+00   9.6408726e+03   2.8987953e+00  -2.7646480e+00
   0.0000000e+00   1.0097688e+04  -2.5995455e+00   2.6891848e+00
   1.0000000e+00   1.0136618e+04   3.0008780e+00  -2.8538503e+00
   1.0000000e+00   1.0189031e+04   2.6400517e+00  -2.8101357e+00
   1.0000000e+00   1.0235160e+04   2.8810851e+00  -2.7840782e+00
   0.0000000e+00   1.0284613e+04  -2.8186263e+00   2.0301188e+00
   0.0000000e+00   1.0329489e+04  -2.6582365e+00   2.9872097e+00
   0.0000000e+00   1.0379596e+04  -2.9465387e+00   2.5680369e+00
   1.0000000e+00   1.0471013e+04   2.7748914e+00  -2.8425117e+00
   1.0000000e+00   1.0545443e+04   2.4665721e+00  -2.4256468e+00
   1.0000000e+00   1.0611788e+04   2.0304746e+00  -2.7832404e+00
   1.0000000e+00   1.0650414e+04   2.1031905e+00  -2.8836020e+00
   0.0000000e+00   1.0750699e+04  -2.9697736e+00   2.5131132e+00
   0.0000000e+00   1.0779268e+04  -2.4920712e+00   2.7704439e+00
   0.0000000e+00   1.1044052e+04  -2.7626228e+00   3.5901091e+00
   0.0000000e+00   1.1233171e+04  -2.6219239e+00   2.6993219e+00
   1.0000000e+00   1.1269291e+04   2.9333815e+00  -1.9221302e+00
   0.0000000e+00   1.1319920e+04  -2.0209530e+00   3.1634038e+00
   0.0000000e+00   1.1330545e+04  -2.5084488e+00   2.5563995e+00
   0.0000000e+00   1.1367487e+04  -1.8377445e+00   2.3886699e+00
   1.0000000e+00   1.1376251e+04   2.4588127e+00  -2.1867615e+00
   1.0000000e+00   1.1477212e+04   2.7585006e+00  -2.4901318e+00
   1.0000000e+00   1.1764418e+04   2.2603666e+00  -2.9819550e+00
   0.0000000e+00   1.1827021e+04  -1.8530082e+00   2.7236569e+00
   1.0000000e+00   1.1902110e+04   1.8733851e+00  -2.6364783e+00
   0.0000000e+00   1.1929835e+04  -2.9566265e+00   2.0844657e+00
   1.0000000e+00   1.2026805e+04   2.2336014e+00  -3.0629107e+00
   0.0000000e+00   1.2314216e+04  -2.3832442e+00   2.2829401e+00
   1.0000000e+00   1.2604647e+04   2.5172387e+00  -2.8051042e+00
   1.0000000e+00   1.2811637e+04   2.3807535e+00  -2.4783875e+00
   0.0000000e+00   1.2961516e+04  -2.6483243e+00   1.7628358e+00
   1.0000000e+00   1.3064281e+04   2.6429311e+00  -2.7639220e+00
   1.0000000e+00   1.3132373e+04   1.8221808e+00  -2.1030094e+00
   0.0000000e+00   1.3191581e+04  -2.3425462e+00   2.2856343e+00
   1.0000000e+00   1.3193833e+04   1.7416717e+00  -2.0922357e+00
   1.0000000e+00   1.3244239e+04   2.1205647e+00  -1.9220562e+00
   0.0000000e+00   1.3269001e+04  -2.0891938e+00   1.7647628e+00
   1.0000000e+00   1.3395658e+04   1.8475629e+00  -2.4924625e+00
   1.0000000e+00   1.3457550e+04   2.1294522e+00  -1.8052684e+00
   1.0000000e+00   1.3461856e+04   2.3886656e+00  -1.7859013e+00
   0.0000000e+00   1.3478535e+04  -2.3646537e+00   1.8052683e+00
   0.0000000e+00   1.3560710e+04  -2.5209170e+00   2.5702819e+00
   0.0000000e+00   1.3836960e+04  -2.3921476e+00   1.4563564e+00
   0.0000000e+00   1.3861315e+04  -2.2043627e+00   1.8067641e+00
   0.0000000e+00   1.3874082e+04  -1.7575293e+00   1.7912732e+00
   0.0000000e+00   1.4071716e+04  -1.9229052e+00   1.8053878e+00
   0.0000000e+00   1.4148465e+04  -2.3630719e+00   2.7554102e+00
   0.0000000e+00   1.4152199e+04  -2.2704225e+00   2.0983167e+00
   1.0000000e+00   1.4233135e+04   2.8767847e+00  -2.1006701e+00
   1.0000000e+00   1.4370779e+04   2.3709117e+00  -2.0766337e+00
   1.0000000e+00   1.4403935e+04   1.9881324e+00  -1.8363783e+00
   0.0000000e+00   1.4413608e+04  -1.7682139e+00   2.0555970e+00
   1.0000000e+00   1.4585295e+04   2.0634163e+00  -2.0047912e+00
   1.0000000e+00   1.4630762e+04   1.6701750e+00  -2.3529017e+00
   0.0000000e+00   1.4835352e+04  -2.5713115e+00   1.9749160e+00
   0.0000000e+00   1.4911388e+04  -1.8029243e+00   1.8180614e+00
   1.0000000e+00   1.5012502e+04   2.1118478e+00  -2.3925081e+00
   0.0000000e+00   1.5038388e+04  -1.5649568e+00   1.9152986e+00
   1.0000000e+00   1.5152853e+04   1.8686752e+00  -1.7365247e+00
   1.0000000e+00   1.5237978e+04   2.5443905e+00  -2.0974030e+00
   0.0000000e+00   1.5329193e+04  -2.0795041e+00   2.8074770e+00
   1.0000000e+00   1.5427643e+04   1.8013208e+00  -1.8963682e+00
   1.0000000e+00   1.5680149e+04   2.2627476e+00  -2.0722000e+00
   1.0000000e+00   1.5915407e+04   1.3713034e+00  -1.7423252e+00
   0.0000000e+00   1.5976692e+04  -2.5793660e+00   1.9471509e+00
   0.0000000e+00   1.6035388e+04  -2.0295655e+00   1.4992023e+00
   0.0000000e+00   1.6071583e+04  -2.0559613e+00   1.9906809e+00
   0.0000000e+00   1.6161872e+04  -1.9470111e+00   1.3651569e+00
   1.0000000e+00   1.6256495e+04   2.0625511e+00  -1.4347407e+00
   1.0000000e+00   1.6279105e+04   1.3797554e+00  -2.0344432e+00
   0.0000000e+00   1.6282364e+04  -2.1287878e+00   1.8984172e+00
   1.0000000e+00   1.6499150e+04   1.8185058e+00  -2.2066747e+00
   1.0000000e+00   1.6536203e+04   1.3731835e+00  -1.8553570e+00
   0.0000000e+00   1.6571327e+04  -1.5914762e+00   1.6909007e+00
   0.0000000e+00   1.6594171e+04  -1.7618366e+00   1.6875196e+00
   1.0000000e+00   1.6842299e+04   1.2899230e+00  -1.4630828e+00
   1.0000000e+00   1.7051542e+04   1.3819881e+00  -1.6393143e+00
   1.0000000e+00   1.7087652e+04   1.7551330e+00  -2.0239669e+00
   1.0000000e+00   1.7276229e+04   1.6244156e+00  -1.5270403e+00
   1.0000000e+00   1.7455513e+04   1.5051453e+00  -1.6731316e+00
   1.0000000e+00   1.7761987e+04   1.5575606e+00  -1.5418408e+00
   0.0000000e+00   1.7823143e+04  -1.7497941e+00   1.7733637e+00
   1.0000000e+00   1.7870710e+04   1.4796686e+00  -1.4026534e+00
   1.0000000e+00   1.7897745e+04   1.6970220e+00  -1.8702297e+00
   1.0000000e+00   1.7923350e+04   1.9400588e+00  -1.4418683e+00
   1.0000000e+00   1.7929394e+04   1.8162844e+00  -1.9633095e+00
   0.0000000e+00   1.7932829e+04  -1.5577934e+00   1.4730929e+00
   0.0000000e+00   1.8172269e+04  -1.6890924e+00   1.3652992e+00
   1.0000000e+00   1.8175752e+04   1.9971998e+00  -1.5812442e+00
   0.0000000e+00   1.8290553e+04  -1.7861919e+00   1.4399217e+00
   0.0000000e+00   1.8344106e+04  -1.2568384e+00   9.2738783e-01
   0.0000000e+00   1.8349649e+04  -1.5828486e+00   1.1418758e+00
   0.0000000e+00   1.8482055e+04  -7.4667021e-01   1.4127564e+00
   0.0000000e+00   1.8505778e+04  -1.7742027e+00   1.1724540e+00
   0.0000000e+00   1.8542134e+04  -1.5774162e+00   1.6972989e+00
   0.0000000e+00   1.8768827e+04  -2.0486855e+00   1.4561424e+00
   1.0000000e+00   1.8787735e+04   1.8231377e+00  -1.5109339e+00
   1.0000000e+00   1.8809148e+04   1.5403236e+00  -1.4866072e+00
   1.0000000e+00   1.8867393e+04   1.4600674e+00  -1.1433709e+00
   1.0000000e+00   1.8963402e+04   9.3568875e-01  -1.2376551e+00
   1.0000000e+00   1.9266812e+04   1.2528136e+00  -1.2963625e+00
   1.0000000e+00   1.9337909e+04   1.4568141e+00  -1.2900293e+00
   0.0000000e+00   1.9642038e+04  -1.8084007e+00   1.5691905e+00
   1.0000000e+00   1.9712455e+04   1.0836197e+00  -5.1341169e-01
   0.0000000e+00   1.9838992e+04  -9.7467527e-01   1.3095636e+00
   1.0000000e+00   1.9877384e+04   1.3879786e+00  -1.4666894e+00
   0.0000000e+00   2.0059019e+04  -1.1860037e+00   1.3055514e+00
   1.0000000e+00   2.0186316e+04   9.6180892e-01  -9.4612572e-01
   1.0000000e+00   2.0283542e+04   1.1914321e+00  -1.3220475e+00
   0.0000000e+00   2.0445412e+04  -9.6014035e-01   1.4870392e+00
   0.0000000e+00   2.0497397e+04  -1.5441734e+00   1.3343597e+00
   0.0000000e+00   2.0513043e+04  -1.0131761e+00   1.2008435e+00
   0.0000000e+00   2.0658889e+04  -1.3900717e+00   1.7332179e+00
   1.0000000e+00   2.0703306e+04   1.1434829e+00  -1.0284588e+00
   1.0000000e+00   2.0706695e+04   1.0943271e+00  -1.3220500e+00
   1.0000000e+00   2.1366131e+04   6.6510979e-01  -9.5011491e-01
   0.0000000e+00   2.1408077e+04  -1.3373376e+00   1.4581689e+00
   0.0000000e+00   2.1623656e+04  -1.1398448e+00   1.5703095e+00
   1.0000000e+00   2.1625832e+04   1.1018288e+00  -1.2573189e+00
   0.0000000e+00   2.1663359e+04  -8.4841917e-01   1.1281297e+00
   1.0000000e+00   2.1678062e+04   8.4937019e-01  -9.3444965e-01
   0.0000000e+00   2.1689641e+04  -9.8599311e-01   7.8536710e-01
   1.0000000e+00   2.1707176e+04   1.0521081e+00  -1.1319763e+00
   1.0000000e+00   2.1721116e+04   9.5086751e-01  -1.2165677e+00
   0.0000000e+00   2.1913069e+04  -1.6093383e+00   9.6954381e-01
   0.0000000e+00   2.2077178e+04  -1.3266623e+00   1.6060311e+00
   0.0000000e+00   2.2113445e+04  -8.4607461e-01   1.2362478e+00
   1.0000000e+00   2.2172756e+04   1.2318398e+00  -2.2772125e-01
   1.0000000e+00   2.2387924e+04   1.0724709e+00  -4.1443072e-01
   0.0000000e+00   2.2420392e+04  -1.3475420e+00   1.0289584e+00
   0.0000000e+00   2.2438409e+04  -5.5489702e-01   7.3958103e-01
   1.0000000e+00   2.2527303e+04   1.4817359e+00  -1.3143505e+00
   1.0000000e+00   2.2678048e+04   7.9416827e-01  -5.2393009e-01
   1.0000000e+00   2.2780637e+04   1.2925089e+00  -7.5899653e-01
   1.0000000e+00   2.2855276e+04   9.5119977e-01  -1.3962580e+00
   0.0000000e+00   2.2876640e+04  -5.2090982e-01   1.4499247e+00
   0.0000000e+00   2.2969390e+04  -1.6020801e+00   9.4139815e-01
   0.0000000e+00   2.3055005e+04  -6.2696050e-01   7.1264955e-01
   0.0000000e+00   2.3180622e+04  -6.2068495e-01   1.1686511e+00
   0.0000000e+00   2.3244685e+04  -1.1037810e+00   1.0272535e+00
   1.0000000e+00   2.3255755e+04   1.1763751e+00  -1.2726052e+00
   0.0000000e+00   2.3313074e+04  -7.8755105e-01   9.0599353e-01
   1.0000000e+00   2.3345754e+04   8.2301439e-01  -5.1610455e-01
   0.0000000e+00   2.3478592e+04  -5.6418934e-01   6.5508158e-01
   0.0000000e+00   2.3501254e+04  -6.8609868e-01   1.1641440e+00
   1.0000000e+00   2.3535254e+04   8.7883815e-01  -9.1308482e-01
   0.0000000e+00   2.3610962e+04  -9.1579305e-01   1.0294672e+00
   0.0000000e+00   2.3620250e+04  -6.7109429e-01   4.8418101e-01
   1.0000000e+00   2.3832765e+04   1.2562802e+00  -8.1352587e-01
   0.0000000e+00   2.4046121e+04   5.0677642e-02   9.9851737e-01
   0.0000000e+00   2.4082547e+04  -6.9473961e-01   8.2733924e-01
   0.0000000e+00   2.4089781e+04  -9.1943236e-01   1.0193972e+00
   0.0000000e+00   2.4095690e+04  -1.0769976e+00   6.5744604e-01
   0.0000000e+00   2.4098101e+04  -7.2467892e-01   5.0752908e-01
   1.0000000e+00   2.4277669e+04   5.5451935e-01  -5.6894773e-01
   1.0000000e+00   2.4391402e+04   8.4234020e-01  -1.2557455e+00
   0.0000000e+00   2.4453145e+04   1.2154015e-01   1.2185555e+00
   1.0000000e+00   2.4667147e+04   5.6911318e-01  -5.6302446e-01
   0.0000000e+00   2.4843243e+04  -7.2080098e-01   4.0176783e-01
   1.0000000e+00   2.4950957e+04   9.8857058e-01  -1.1134930e+00
   0.0000000e+00   2.5008581e+04  -8.1337598e-01   5.3079228e-01
   1.0000000e+00   2.5202767e+04   7.6552337e-01  -1.0665850e+00
   1.0000000e+00   2.5209895e+04   8.4272745e-01  -8.0295448e-01
   0.0000000e+00   2.5382412e+04  -5.1748023e-01   1.4459683e-01
   1.0000000e+00   2.5459161e+04   1.9299269e-01  -5.4860859e-01
   1.0000000e+00   2.5481475e+04   1.2205843e+00  -4.6459977e-01
   0.0000000e+00   2.5489383e+04  -1.5992057e-01   8.9664860e-01
   0.0000000e+00   2.5523223e+04  -3.3585254e-01   1.2382813e-01
   1.0000000e+00   2.5559784e+04   9.0896104e-01  -6.0991206e-01
   1.0000000e+00   2.5602046e+04   2.4684200e-01  -3.9036574e-01
   0.0000000e+00   2.5685736e+04  -6.1595374e-01   9.2782648e-01
   0.0000000e+00   2.5756126e+04  -7.9810757e-01   6.0217332e-01
   1.0000000e+00   2.5793469e+04   5.3372757e-04  -6.8045248e-01
   1.0000000e+00   2.5826505e+04   8.3143250e-01  -3.2075620e-01
   0.0000000e+00   2.6104195e+04  -5.8575064e-01   7.6509304e-01
   0.0000000e+00   2.6178095e+04  -8.8256076e-01   6.2356879e-01
   0.0000000e+00   2.6615363e+04   1.8277155e-01   4.2080387e-01
   1.0000000e+00   2.6740312e+04   8.8963329e-01  -6.6420425e-01
   1.0000000e+00   2.6759925e+04   1.2316138e+00  -4.4515990e-01
   1.0000000e+00   2.6842017e+04   7.1541045e-01  -8.8757968e-01
   1.0000000e+00   2.6863967e+04  -8.3557269e-03  -2.1712759e-01
   1.0000000e+00   2.6881833e+04  -1.3343113e-01  -1.5408988e-01
   1.0000000e+00   2.6927968e+04   4.7006137e-01  -7.7340436e-01
   1.0000000e+00   2.6957324e+04  -2.6086627e-02  -3.7792089e-01
   1.0000000e+00   2.6972423e+04   2.8614274e-01  -6.3718965e-01
   1.0000000e+00   2.6998645e+04   5.0844038e-01  -6.5421703e-01
   1.0000000e+00   2.7333649e+04   2.3799140e-01  -2.8757494e-01
   0.0000000e+00   2.7439213e+04   6.1134525e-02  -7.9923285e-02
   1.0000000e+00   2.7552074e+04   7.6331358e-02  -6.7634936e-01
   1.0000000e+00   2.7679392e+04   5.8864037e-01  -9.7135834e-04
   1.0000000e+00   2.7912664e+04   7.0287376e-01  -4.3038776e-01
   0.0000000e+00   2.7984878e+04  -5.7887342e-01  -2.1132288e-02
   1.0000000e+00   2.8003319e+04   7.4866900e-02  -2.0420208e-01
   1.0000000e+00   2.8060782e+04   4.0624698e-01  -2.0079707e-01
   1.0000000e+00   2.8274673e+04  -1.6296283e-01  -2.9121400e-01
   1.0000000e+00   2.8556433e+04  -1.4811216e-01  -5.6094601e-02
   0.0000000e+00   2.8613718e+04  -1.6578833e-01   3.0770012e-01
   0.0000000e+00   2.8682808e+04  -3.9885286e-01   1.7386888e-02
   1.0000000e+00   2.8803753e+04  -8.5425366e-02  -4.1520778e-01
   1.0000000e+00   2.8852148e+04   1.0143614e-01  -2.6273768e-01
   0.0000000e+00   2.8974750e+04   2.9197756e-01   5.9641896e-01
   1.0000000e+00   2.8993447e+04   2.8631670e-01  -3.9834198e-01
   0.0000000e+00   2.9030058e+04  -3.7852021e-01   6.9666157e-01
   0.0000000e+00   2.9045725e+04  -1.3266315e-01   4.4350399e-01
   0.0000000e+00   2.9293462e+04  -3.7655344e-01   1.2588001e-01
   0.0000000e+00   2.9366052e+04  -3.1508144e-01  -8.6240843e-01
   0.0000000e+00   2.9409844e+04  -1.6833699e-03   2.3702288e-01
   0.0000000e+00   2.9633220e+04   2.7211499e-02  -4.6239323e-02
   0.0000000e+00   2.9653657e+04  -6.0504029e-01   2.9854076e-01
   0.0000000e+00   2.9969070e+04  -3.7951247e-02   3.2616470e-01
   1.0000000e+00   3.0164798e+04  -1.4060390e-01   9.3817590e-02
   1.0000000e+00   3.0178442e+04  -5.1500462e-01  -1.8855336e-01
   1.0000000e+00   3.0599142e+04  -3.2445662e-01  -5.7800734e-02
   1.0000000e+00   3.0682369e+04   7.0603788e-01   4.1321061e-01
   0.0000000e+00   3.0839251e+04  -2.1116168e-01   1.6469985e-01
   0.0000000e+00   3.1007578e+04   7.1111145e-01  -1.8093936e-01
   0.0000000e+00   3.1158538e+04   1.3880751e-01  -4.6942524e-01
   0.0000000e+00   3.1166090e+04   6.1497103e-01  -6.6144265e-02
   0.0000000e+00   3.1274881e+04   2.6082470e-01  -4.3358409e-01
   0.0000000e+00   3.1577000e+04   8.2399527e-01  -7.4423625e-01
   1.0000000e+00   3.1577517e+04  -1.7386484e-01   5.0190494e-01
   1.0000000e+00   3.1601628e+04   1.7059012e-01   1.6131534e-02
   1.0000000e+00   3.1720295e+04  -3.1496673e-01   1.6687468e-03
   0.0000000e+00   3.1863083e+04   3.8083156e-01  -4.1691587e-01
   0.0000000e+00   3.1874194e+04   3.0689533e-01  -6.0529388e-01
   1.0000000e+00   3.1880267e+04   1.0633382e-01   1.0286510e-01
   0.0000000e+00   3.2016899e+04   1.7250620e-01  -4.3669758e-01
   1.0000000e+00   3.2041508e+04  -1.7587998e-01   3.4989545e-02
   1.0000000e+00   3.2179446e+04  -1.4445033e-01   4.7052126e-01
   0.0000000e+00   3.2231970e+04  -3.9898702e-01  -3.4813975e-01
   0.0000000e+00   3.2265022e+04   2.9615194e-01  -5.1493628e-01
   0.0000000e+00   3.2329038e+04   5.4065850e-01   1.6221141e-01
   1.0000000e+00   3.2465319e+04  -6.3606669e-01   3.6718276e-01
   1.0000000e+00   3.2648981e+04  -8.9288581e-02   2.7154487e-01
   0.0000000e+00   3.2654135e+04   3.5985242e-01  -8.2092572e-01
   0.0000000e+00   3.2676135e+04   1.2577063e-01  -8.6441368e-01
   0.0000000e+00   3.2688276e+04   2.1006546e-01  -2.3019055e-01
   1.0000000e+00   3.2895078e+04  -3.7576177e-01   5.1212620e-01
   0.0000000e+00   3.2900660e+04   6.5801155e-01  -4.1675434e-01
   1.0000000e+00   3.3037600e+04  -5.5272917e-01   9.3776182e-01
   0.0000000e+00   3.3227981e+04  -4.3764157e-02  -3.6031242e-01
   1.0000000e+00   3.3435902e+04  -1.5445933e-01   8.8620582e-01
   1.0000000e+00   3.3449432e+04  -6.5238088e-01   6.3812503e-01
   1.0000000e+00   3.3468051e+04  -3.5909997e-01   4.7571656e-01
   0.0000000e+00   3.3514817e+04   8.4550566e-01  -6.4470435e-01
   1.0000000e+00   3.3593863e+04  -1.8445377e-01   1.2114593e-04
   1.0000000e+00   3.3693069e+04  -5.2056047e-01   4.2357970e-01
   1.0000000e+00   3.3739457e+04  -5.1021602e-01  -5.6029233e-02
   1.0000000e+00   3.3766019e+04  -7.0064599e-01   1.1790987e-01
   0.0000000e+00   3.3816868e+04   3.7634286e-01  -7.2274065e-01
   0.0000000e+00   3.3846352e+04   1.9247922e-01  -3.1633759e-01
   1.0000000e+00   3.4342122e+04  -3.4269737e-01   1.0279303e+00
   0.0000000e+00   3.4508380e+04   3.2768363e-01  -4.5645734e-01
   1.0000000e+00   3.4515340e+04  -4.7849969e-02   8.0483208e-01
   0.0000000e+00   3.4602573e+04   8.4172949e-01  -6.4233335e-01
   1.0000000e+00   3.4640486e+04  -9.4598956e-01   5.2539113e-01
   1.0000000e+00   3.4696176e+04  -8.9645544e-01   1.0465102e+00
   0.0000000e+00   3.4762874e+04   7.2803546e-02  -6.0437986e-01
   1.0000000e+00   3.4770853e+04  -6.5654654e-01   5.2116081e-01
   0.0000000e+00   3.4814151e+04   9.1361678e-01  -4.8222843e-01
   1.0000000e+00   3.4840853e+04  -5.3949913e-01   1.1100850e+00
   1.0000000e+00   3.4866640e+04  -4.2194636e-01   6.8791748e-01
   0.0000000e+00   3.4958763e+04   6.2674438e-01  -5.2366281e-01
   0.0000000e+00   3.4967513e+04   5.4868557e-01  -7.6870158e-01
   1.0000000e+00   3.5286642e+04  -2.9855770e-01   9.4462704e-01
   0.0000000e+00   3.5684648e+04   8.6745956e-01  -3.5063708e-01
   0.0000000e+00   3.5700839e+04   7.2812126e-01  -1.0731849e+00
   1.0000000e+00   3.5765594e+04  -7.3858615e-01   8.1585760e-01
   1.0000000e+00   3.5986329e+04  -6.1537010e-01   4.6650535e-01
   1.0000000e+00   3.6072916e+04  -7.0137181e-01   9.1691823e-01
   1.0000000e+00   3.6345200e+04  -7.3676992e-01   5.9494275e-01
   0.0000000e+00   3.6371389e+04   7.0712660e-01  -7.4400166e-01
   0.0000000e+00   3.6443980e+04   1.0673878e+00  -8.9250379e-01
   0.0000000e+00   3.6539677e+04   3.9772620e-01  -9.0789593e-01
   1.0000000e+00   3.6606751e+04  -7.5280689e-01   7.8161230e-01
   0.0000000e+00   3.6683054e+04   8.4307360e-01  -5.1301175e-01
   1.0000000e+00   3.7130709e+04  -1.4206075e+00   8.8733382e-01
   0.0000000e+00   3.7188269e+04   8.3206748e-01  -5.0947688e-01
   1.0000000e+00   3.7426856e+04  -1.3592494e+00   1.2309772e+00
   1.0000000e+00   3.7431877e+04  -7.9783965e-01   1.0971244e+00
   1.0000000e+00   3.7471974e+04   1.2479461e-01   1.2985934e+00
   1.0000000e+00   3.7494578e+04  -1.2462265e+00   8.5438678e-01
   0.0000000e+00   3.7539284e+04   8.2285240e-01  -1.0808461e+00
   0.0000000e+00   3.7591678e+04   1.2024425e+00  -8.5459412e-01
   1.0000000e+00   3.7705349e+04  -1.8518856e+00   7.1684890e-01
   0.0000000e+00   3.7968558e+04   4.1272847e-01  -1.4698843e+00
   0.0000000e+00   3.7970863e+04   1.1240654e+00  -1.3030978e+00
   1.0000000e+00   3.7977561e+04  -9.6117662e-01   1.3303707e+00
   1.0000000e+00   3.8281701e+04  -1.4852865e+00   1.2172727e+00
   1.0000000e+00   3.8334441e+04  -9.5785820e-01   1.2093752e+00
   1.0000000e+00   3.8452965e+04  -1.2369097e+00   9.8979117e-01
   1.0000000e+00   3.8470437e+04  -1.4979228e+00   1.6308211e+00
   0.0000000e+00   3.8471069e+04   1.2943125e+00  -1.4095977e+00
   0.0000000e+00   3.8497821e+04   1.2237910e+00  -6.4886916e-01
   1.0000000e+00   3.8635184e+04  -1.0183921e+00   1.5490747e+00
   0.0000000e+00   3.8653283e+04   1.6407087e+00  -8.3678494e-01
   0.0000000e+00   3.8786104e+04   1.4161149e+00  -1.6060622e+00
   0.0000000e+00   3.8949076e+04   1.1004453e+00  -1.2918971e+00
   0.0000000e+00   3.8959857e+04   1.1109285e+00  -1.4111282e+00
   0.0000000e+00   3.9056635e+04   1.4496584e+00  -1.1087891e+00
   1.0000000e+00   3.9080283e+04  -1.2996150e+00   1.4494931e+00
   1.0000000e+00   3.9089271e+04  -1.1620785e+00   1.6153880e+00
   0.0000000e+00   3.9274758e+04   1.7535206e+00  -1.3832277e+00
   1.0000000e+00   3.9341755e+04  -8.2964336e-01   1.9198920e+00
   1.0000000e+00   3.9351039e+04  -1.2867400e+00   1.6740927e+00
   0.0000000e+00   3.9436693e+04   1.3211786e+00  -7.6560818e-01
   0.0000000e+00   3.9496912e+04   1.0220810e+00  -1.0254677e+00
   1.0000000e+00   3.9552628e+04  -1.2962213e+00   1.1882618e+00
   0.0000000e+00   3.9615904e+04   1.1865010e+00  -1.1636513e+00
   1.0000000e+00   3.9618027e+04  -1.2526233e+00   1.0303818e+00
   0.0000000e+00   3.9676510e+04   1.4918748e+00  -1.3593124e+00
   0.0000000e+00   3.9769759e+04   1.3123725e+00  -1.0709253e+00
   0.0000000e+00   4.0129197e+04   1.7474798e+00  -1.3985231e+00
   1.0000000e+00   4.0224276e+04  -1.3810243e+00   1.2988667e+00
   0.0000000e+00   4.0232045e+04   1.4736439e+00  -1.4791360e+00
   1.0000000e+00   4.0416927e+04  -1.1396499e+00   1.2821107e+00
   0.0000000e+00   4.0419378e+04   1.4642107e+00  -1.9625765e+00
   0.0000000e+00   4.0524894e+04   1.5916593e+00  -1.5794073e+00
   1.0000000e+00   4.0577931e+04  -1.6406405e+00   8.9579755e-01
   1.0000000e+00   4.0600908e+04  -1.2129490e+00   6.0680326e-01
   0.0000000e+00   4.0914169e+04   1.5346206e+00  -9.5397183e-01
   1.0000000e+00   4.1064424e+04  -1.4704463e+00   2.0630352e+00
   0.0000000e+00   4.1092783e+04   9.8180812e-01  -1.6813809e+00
   0.0000000e+00   4.1158247e+04   1.3414995e+00  -1.2623480e+00
   0.0000000e+00   4.1258497e+04   1.2907805e+00  -1.5725108e+00
   0.0000000e+00   4.1374155e+04   1.4547275e+00  -1.1907868e+00
   1.0000000e+00   4.1532874e+04  -1.7786764e+00   1.9711718e+00
   1.0000000e+00   4.1805500e+04  -1.2668641e+00   1.9943493e+00
   1.0000000e+00   4.1895860e+04  -1.5762816e+00   2.0026504e+00
   1.0000000e+00   4.1904206e+04  -1.9675806e+00   1.4231694e+00
   1.0000000e+00   4.2178741e+04  -1.9744171e+00   1.6995619e+00
   0.0000000e+00   4.2328849e+04   1.7503134e+00  -1.2926400e+00
   1.0000000e+00   4.2611884e+04  -1.3755842e+00   1.6295778e+00
   1.0000000e+00   4.2718380e+04  -1.0560050e+00   1.7223280e+00
   0.0000000e+00   4.2719925e+04   2.1153935e+00  -2.4531743e+00
   0.0000000e+00   4.2790350e+04   9.2286299e-01  -1.9665132e+00
   0.0000000e+00   4.3061387e+04   1.2440855e+00  -1.9909393e+00
   1.0000000e+00   4.3092628e+04  -1.2486576e+00   1.3308092e+00
   0.0000000e+00   4.3127546e+04   1.2299321e+00  -1.4091960e+00
   0.0000000e+00   4.3244555e+04   1.6312418e+00  -8.0072417e-01
   0.0000000e+00   4.3462886e+04   1.7940693e+00  -2.0169910e+00
   1.0000000e+00   4.3475506e+04  -2.0375577e+00   1.4603539e+00
   1.0000000e+00   4.3565880e+04  -1.5767625e+00   1.7416879e+00
   0.0000000e+00   4.3644869e+04   1.8058686e+00  -2.1522308e+00
   0.0000000e+00   4.3687621e+04   2.2123305e+00  -1.8603322e+00
   1.0000000e+00   4.3771044e+04  -1.6267930e+00   2.0134436e+00
   0.0000000e+00   4.3894979e+04   1.8061046e+00  -1.8800907e+00
   0.0000000e+00   4.4053758e+04   1.4961617e+00  -2.0949529e+00
   1.0000000e+00   4.4070368e+04  -1.6828200e+00   1.2276187e+00
   0.0000000e+00   4.4124420e+04   1.5846551e+00  -1.8776384e+00
   0.0000000e+00   4.4133064e+04   2.3976772e+00  -2.0353535e+00
   0.0000000e+00   4.4181442e+04   1.6883913e+00  -1.6930220e+00
   0.0000000e+00   4.4341387e+04   1.7479458e+00  -1.8636448e+00
   0.0000000e+00   4.4375034e+04   2.0000804e+00  -1.6487120e+00
   1.0000000e+00   4.4512304e+04  -2.2907351e+00   2.2593648e+00
   1.0000000e+00   4.4575538e+04  -1.8753867e+00   1.7755053e+00
   0.0000000e+00   4.4576343e+04   1.9738799e+00  -2.2960662e+00
   0.0000000e+00   4.4578536e+04   1.7520007e+00  -1.6171496e+00
   0.0000000e+00   4.5071483e+04   2.1487878e+00  -1.8690254e+00
   0.0000000e+00   4.5249197e+04   1.7425174e+00  -2.2095835e+00
   0.0000000e+00   4.5448888e+04   2.3717139e+00  -1.7489498e+00
   1.0000000e+00   4.5557553e+04  -2.1715005e+00   2.1343531e+00
   1.0000000e+00   4.5630112e+04  -2.7655453e+00   1.5714830e+00
   0.0000000e+00   4.5641092e+04   2.7039830e+00  -2.5195723e+00
   1.0000000e+00   4.5648330e+04  -1.6600479e+00   2.2461448e+00
   1.0000000e+00   4.5727131e+04  -2.3907915e+00   2.0771744e+00
   1.0000000e+00   4.5734131e+04  -2.1358097e+00   2.8255430e+00
   0.0000000e+00   4.5754543e+04   2.2918790e+00  -1.9058713e+00
   0.0000000e+00   4.5802400e+04   2.5536772e+00  -1.6830138e+00
   1.0000000e+00   4.5940365e+04  -2.4436341e+00   2.0227872e+00
   1.0000000e+00   4.5992734e+04  -1.9224925e+00   2.4117364e+00
   1.0000000e+00   4.6146821e+04  -1.9202089e+00   2.2649222e+00
   1.0000000e+00   4.6295954e+04  -1.9505644e+00   2.5811970e+00
   1.0000000e+00   4.6317927e+04  -2.1807024e+00   1.8876795e+00
   1.0000000e+00   4.6375301e+04  -2.6073683e+00   2.2606696e+00
   1.0000000e+00   4.6392537e+04  -2.0532811e+00   2.5845933e+00
   0.0000000e+00   4.6550759e+04   3.2763023e+00  -2.5167646e+00
   1.0000000e+00   4.6645306e+04  -1.8206187e+00   2.3168725e+00
   0.0000000e+00   4.6767900e+04   1.9558612e+00  -2.6128998e+00
   0.0000000e+00   4.6777808e+04   2.0902797e+00  -2.2398242e+00
   1.0000000e+00   4.6793061e+04  -2.2316301e+00   1.8689606e+00
   1.0000000e+00   4.6911003e+04  -1.9814081e+00   2.5922553e+00
   0.0000000e+00   4.6920008e+04   2.1495660e+00  -1.5401161e+00
   1.0000000e+00   4.6959758e+04  -1.9476534e+00   1.9751185e+00
   1.0000000e+00   4.7307057e+04  -2.2134399e+00   1.9272522e+00
   1.0000000e+00   4.7378556e+04  -2.3194759e+00   2.3837074e+00
   0.0000000e+00   4.7764405e+04   2.7256480e+00  -2.3445416e+00
   1.0000000e+00   4.7786903e+04  -2.0293017e+00   2.6162306e+00
   0.0000000e+00   4.7951419e+04   2.3190887e+00  -2.6872077e+00
   0.0000000e+00   4.8156453e+04   2.8309381e+00  -2.4357939e+00
   0.0000000e+00   4.8296005e+04   2.0639973e+00  -1.8729137e+00
   0.0000000e+00   4.8360942e+04   2.7505015e+00  -2.7016661e+00
   0.0000000e+00   4.8533992e+04   2.1328700e+00  -2.8218655e+00
   0.0000000e+00   4.8548903e+04   2.5156660e+00  -3.1156848e+00
   0.0000000e+00   4.8632702e+04   3.0679282e+00  -1.8307602e+00
   1.0000000e+00   4.8802849e+04  -2.3118277e+00   2.0747911e+00
   1.0000000e+00   4.8915233e+04  -2.7554468e+00   2.6883593e+00
   0.0000000e+00   4.9087422e+04   2.2003536e+00  -2.8235450e+00
   0.0000000e+00   4.9112952e+04   1.8812213e+00  -2.2319475e+00
   0.0000000e+00   4.9157956e+04   2.4469817e+00  -2.2482535e+00
   0.0000000e+00   4.9233139e+04   2.2455499e+00  -2.8008513e+00
   0.0000000e+00   4.9260628e+04   2.5393116e+00  -2.2068448e+00
   0.0000000e+00   4.9327036e+04   3.0652582e+00  -2.7045509e+00
   0.0000000e+00   4.9444330e+04   2.5260889e+00  -3.0733269e+00
   1.0000000e+00   4.9734137e+04  -2.2356930e+00   2.5930271e+00
   0.0000000e+00   4.9962009e+04   2.5773312e+00  -2.7484472e+00
   1.0000000e+00   4.9969010e+04  -2.7629890e+00   2.6548856e+00
   1.0000000e+00   4.9981818e+04  -2.6436771e+00   2.1383410e+00
   0.0000000e+00   5.0047434e+04   2.4006898e+00  -3.0236498e+00
   1.0000000e+00   5.0200647e+04  -2.3568120e+00   2.5157400e+00
   1.0000000e+00   5.0412040e+04  -2.6971712e+00   2.4813703e+00
   1.0000000e+00   5.0490426e+04  -2.7137270e+00   2.5124292e+00
   1.0000000e+00   5.0634835e+04  -2.7614312e+00   2.6781634e+00
   1.0000000e+00   5.0640146e+04  -3.0973789e+00   2.3725255e+00
   0.0000000e+00   5.0818237e+04   2.8756916e+00  -3.5543614e+00
   1.0000000e+00   5.1025812e+04  -2.4467691e+00   2.9759276e+00
   1.0000000e+00   5.1244160e+04  -2.9671548e+00   3.1187174e+00
   0.0000000e+00   5.1355319e+04   3.1395744e+00  -2.7034937e+00
   0.0000000e+00   5.1375062e+04   3.3076931e+00  -2.6889951e+00
   0.0000000e+00   5.1416414e+04   2.3501384e+00  -3.2478337e+00
   1.0000000e+00   5.1418451e+04  -2.7435337e+00   3.2451920e+00
   1.0000000e+00   5.1480501e+04  -2.6457395e+00   3.2338108e+00
   0.0000000e+00   5.1612172e+04   3.0666998e+00  -2.8491554e+00
   0.0000000e+00   5.1876008e+04   2.9455233e+00  -2.1970732e+00
   1.0000000e+00   5.1903032e+04  -2.9190502e+00   3.1550434e+00
   0.0000000e+00   5.1997472e+04   3.2921605e+00  -3.4988698e+00
   1.0000000e+00   5.2030697e+04  -3.1227661e+00   3.0849136e+00
   1.0000000e+00   5.2088204e+04  -2.2695327e+00   3.0602163e+00
   1.0000000e+00   5.2092981e+04  -2.8455762e+00   3.7947369e+00
   0.0000000e+00   5.2286661e+04   2.9426387e+00  -3.0454405e+00
   0.0000000e+00   5.2294694e+04   2.6224354e+00  -2.8027559e+00
   1.0000000e+00   5.2331519e+04  -2.7118709e+00   2.8448736e+00
   0.0000000e+00   5.2417184e+04   3.0946398e+00  -3.0266816e+00
   1.0000000e+00   5.2526321e+04  -2.4977874e+00   3.3956037e+00
   0.0000000e+00   5.2563611e+04   2.8954575e+00  -3.0807273e+00
   1.0000000e+00   5.2705208e+04  -2.9720024e+00   4.0865111e+00
   1.0000000e+00   5.2787835e+04  -3.5085058e+00   3.6010054e+00
   1.0000000e+00   5.2984507e+04  -3.4929640e+00   2.9447827e+00
   1.0000000e+00   5.3069535e+04  -3.1514150e+00   4.0098904e+00
   1.0000000e+00   5.3161280e+04  -2.6158767e+00   2.9442095e+00
   0.0000000e+00   5.3304710e+04   2.5363718e+00  -2.7319516e+00
   0.0000000e+00   5.3386209e+04   4.0859895e+00  -2.9593691e+00
   0.0000000e+00   5.3391206e+04   2.9900372e+00  -2.7859444e+00
   0.0000000e+00   5.3430867e+04   2.8126013e+00  -3.0496883e+00
   0.0000000e+00   5.3480209e+04   3.4674903e+00  -3.1683396e+00
   1.0000000e+00   5.3501229e+04  -3.6885832e+00   3.0691287e+00
   1.0000000e+00   5.3547431e+04  -3.3121565e+00   3.1566933e+00
   1.0000000e+00   5.3593123e+04  -2.9822003e+00   2.9742314e+00
   1.0000000e+00   5.3687668e+04  -2.8819193e+00   3.2437510e+00
   1.0000000e+00   5.3727161e+04  -3.2346237e+00   3.0241034e+00
   1.0000000e+00   5.3847677e+04  -3.8507905e+00   3.5016204e+00
   0.0000000e+00   5.3887795e+04   3.1461145e+00  -3.6293064e+00
   0.0000000e+00   5.3890391e+04   3.9363476e+00  -3.0330053e+00
   1.0000000e+00   5.3918564e+04  -3.3851102e+00   3.1912823e+00
   0.0000000e+00   5.4066839e+04   2.4799961e+00  -3.3596585e+00
   0.0000000e+00   5.4076985e+04   2.9955578e+00  -3.5586838e+00
   0.0000000e+00   5.4406929e+04   2.9623195e+00  -3.2976585e+00
   0.0000000e+00   5.4466539e+04   3.4670950e+00  -3.6666486e+00
   0.0000000e+00   5.4480727e+04   3.9726685e+00  -3.8546278e+00
   1.0000000e+00   5.4580409e+04  -3.2224704e+00   3.6937870e+00
   0.0000000e+00   5.4707028e+04   2.8226975e+00  -3.1036019e+00
   1.0000000e+00   5.5193459e+04  -3.2741594e+00   3.5402273e+00
   1.0000000e+00   5.5208595e+04  -3.6275455e+00   3.3558496e+00
   1.0000000e+00   5.5523575e+04  -3.3229741e+00   3.4896480e+00
   1.0000000e+00   5.5808667e+04  -3.6557567e+00   3.2088775e+00
   0.0000000e+00   5.6063801e+04   3.6789311e+00  -3.9235618e+00
   1.0000000e+00   5.6089800e+04  -3.8476883e+00   3.7057525e+00
   0.0000000e+00   5.6125368e+04   3.7458576e+00  -3.4887747e+00
   1.0000000e+00   5.6151311e+04  -3.4754046e+00   3.5594403e+00
   0.0000000e+00   5.6292136e+04   3.6632886e+00  -3.3602613e+00
   0.0000000e+00   5.6354762e+04   3.4253191e+00  -3.5739381e+00
   1.0000000e+00   5.6363705e+04  -3.5333603e+00   2.6733342e+00
   0.0000000e+00   5.6468325e+04   3.5784078e+00  -3.8214221e+00
   1.0000000e+00   5.6735032e+04  -3.2500175e+00   3.3198675e+00
   1.0000000e+00   5.6906387e+04  -3.2441418e+00   3.3655054e+00
   1.0000000e+00   5.7019156e+04  -3.7912781e+00   3.6315972e+00
   1.0000000e+00   5.7090320e+04  -3.7027751e+00   3.4814153e+00
   1.0000000e+00   5.7120925e+04  -3.2461727e+00   3.6755313e+00
   1.0000000e+00   5.7125394e+04  -3.3597173e+00   3.5977994e+00
   0.0000000e+00   5.7230563e+04   3.0927941e+00  -3.5544365e+00
   1.0000000e+00   5.7685869e+04  -3.5909717e+00   3.6734340e+00
   1.0000000e+00   5.7810421e+04  -3.2009568e+00   4.3751763e+00
   0.0000000e+00   5.7823128e+04   3.8838529e+00  -3.8040804e+00
   1.0000000e+00   5.7904991e+04  -3.8601291e+00   4.1449311e+00
   1.0000000e+00   5.8076600e+04  -3.3741632e+00   3.4740272e+00
   1.0000000e+00   5.8112483e+04  -3.7175435e+00   3.8401929e+00
   0.0000000e+00   5.8232347e+04   3.9548440e+00  -3.5025242e+00
   1.0000000e+00   5.8280672e+04  -3.4556950e+00   3.1800428e+00
   1.0000000e+00   5.8288618e+04  -4.3058489e+00   3.9849155e+00
   0.0000000e+00   5.8351781e+04   3.4906184e+00  -3.8213326e+00
   1.0000000e+00   5.8412214e+04  -3.9763568e+00   3.6797195e+00
   1.0000000e+00   5.8488472e+04  -3.9456507e+00   3.5473715e+00
   1.0000000e+00   5.8555963e+04  -3.6480498e+00   3.7345729e+00
   0.0000000e+00   5.8583256e+04   3.7204119e+00  -3.9782468e+00
   0.0000000e+00   5.8677445e+04   3.9240409e+00  -3.7712765e+00
   0.0000000e+00   5.8716408e+04   4.4154048e+00  -3.3928491e+00
   0.0000000e+00   5.8773557e+04   3.6140706e+00  -4.2050188e+00
   1.0000000e+00   5.8799474e+04  -3.5913986e+00   3.5549272e+00
   1.0000000e+00   5.8804082e+04  -4.2260799e+00   3.8461298e+00
   0.0000000e+00   5.9041784e+04   3.9403952e+00  -3.9444880e+00
   1.0000000e+00   5.9054840e+04  -3.9110995e+00   3.8387870e+00
   0.0000000e+00   5.9071919e+04   3.3819619e+00  -3.9577790e+00
   0.0000000e+00   5.9131545e+04   4.1855566e+00  -3.5510193e+00
   0.0000000e+00   5.9155232e+04   3.7981267e+00  -4.2661039e+00
   0.0000000e+00   5.9194199e+04   3.6357601e+00  -4.3702108e+00
   1.0000000e+00   5.9388082e+04  -3.8655427e+00   3.2487758e+00
   1.0000000e+00   5.9422003e+04  -3.5703061e+00   4.5342632e+00
   1.0000000e+00   5.9462056e+04  -3.7801315e+00   4.2048159e+00
   0.0000000e+00   5.9468185e+04   4.0835928e+00  -3.8359005e+00
   0.0000000e+00   5.9575261e+04   3.4261981e+00  -3.7644629e+00
   1.0000000e+00   5.9673305e+04  -3.6846284e+00   3.4791247e+00
   1.0000000e+00   5.9745540e+04  -4.1185128e+00   3.5690468e+00
   1.0000000e+00   5.9759460e+04  -3.7372296e+00   3.8787844e+00
   0.0000000e+00   5.9767931e+04   3.9481741e+00  -4.0089428e+00
   0.0000000e+00   5.9881191e+04   3.8326388e+00  -4.0777487e+00
   1.0000000e+00   5.9983522e+04  -3.9114696e+00   3.9092841e+00
